0 0.21378830083565462 0.5083507306889347 0.2827298050139275 0.6450939457202497
0 0.5160167130919218 0.49686847599164957 0.182451253481894 0.5260960334029232
0 0.7736768802228415 0.5835073068893532 0.17688022284122593 0.5407098121085596
1 0.20473537604456823 0.5156576200417536 0.32033426183844005 0.7515657620041754
1 0.18454038997214475 0.5417536534446764 0.3077994428969358 0.661795407098121
1 0.2263231197771588 0.44258872651356995 0.2966573816155989 0.7098121085594989
1 0.23955431754874654 0.5313152400835073 0.2757660167130919 0.5782881002087683
1 0.5041782729805013 0.47807933194154484 0.18941504178272975 0.546972860125261
1 0.48467966573816157 0.4791231732776619 0.2701949860724233 0.6242171189979123
1 0.5111420612813371 0.5229645093945722 0.25348189415041783 0.594989561586639
1 0.5153203342618384 0.44363256784968697 0.20891364902506965 0.6743215031315242
1 0.7583565459610027 0.5918580375782881 0.1880222841225626 0.49478079331941544
1 0.7792479108635098 0.5835073068893528 0.20473537604456818 0.5991649269311065
1 0.798050139275766 0.5709812108559498 0.28690807799442897 0.6576200417536533
1 0.8057103064066851 0.6242171189979122 0.2075208913649025 0.6179540709812109
